Results from heasarc_nustarssc2: NuSTAR Serendipitous Survey 40-Month Secondary Source Catalog
Coordinate system: Equatorial
|name                 |ra          |dec         |sb_flux  |sb_flux_error|sb_net_counts|sb_net_counts_error|hb_flux  |hb_flux_error|hb_net_counts|hb_net_counts_error|redshift|rf_hardxray_luminosity|source_number|lii       |bii       |sb_counts|sb_bck_counts|hb_counts|hb_bck_counts|fb_counts|fb_bck_counts|fb_net_counts|fb_net_counts_error|sb_exposure|hb_exposure|fb_exposure|sb_net_rate|sb_net_rate_error|hb_net_rate|hb_net_rate_error|fb_net_rate|fb_net_rate_error|fb_flux  |fb_flux_error|softxray_ctrpart_orig|softxray_ctrpart_ra|softxray_ctrpart_dec|opt_ctrpart_orig|opt_ra      |opt_dec     |primary_exclude_code|
|NuSTAR J202211+4353.6|20 22 11.268|+43 53 37.68|         |             |             |                   |         |             |             |                   |        |                      |           60| 81.138732|  3.943545|         |             |         |             |         |             |             |                   |           |           |           |           |                 |           |                 |           |                 |         |             |                     |                   |                    |                |            |            |X                   |
|NuSTAR J182446-2453.2|18 24 46.579|-24 53 16.55|         |             |             |                   |         |             |             |                   |        |                      |           58|  7.805939| -5.634949|         |             |         |             |         |             |             |                   |           |           |           |           |                 |           |                 |           |                 |         |             |CXO                  |       18 24 46.579|        -24 53 16.55|                |            |            |X                   |
|NuSTAR J092418-3142.2|09 24 18.199|-31 42 17.89|         |             |             |                   |         |             |             |                   |   0.000|                      |           20|259.567259| 13.224701|         |             |         |             |         |             |             |                   |           |           |           |           |                 |           |                 |           |                 |         |             |CXO                  |       09 24 18.199|        -31 42 17.89|MAN             |09 24 18.204|-31 42 17.69|X                   |
|NuSTAR J172822-1421.4|17 28 22.840|-14 21 25.00|         |             |             |                   |         |             |             |                   |   0.688|                      |           53| 10.319778| 11.104686|         |             |         |             |         |             |             |                   |           |           |           |           |                 |           |                 |           |                 |         |             |CXO                  |       17 28 22.840|        -14 21 25.00|MAN             |17 28 22.500|-14 21 25.12|X                   |
|NuSTAR J094734-3104.2|09 47 34.878|-31 04 13.32|1.288e-14|    4.381e-15|      149.192|             50.757|2.484e-14|   -9.900e+01|      105.498|            -99.000|        |                      |           21|262.814664| 17.130899| 2072.849|     1923.657| 1990.531|     1948.982| 4050.380|     3845.091|      205.289|             70.839|   643091.0|   513883.0|   523180.0|  3.742e-04|        1.273e-04|  3.311e-04|       -9.900e+01|  6.329e-04|        2.184e-04|3.163e-14|    1.092e-14|XMM                  |       09 47 34.368|        -31 04 06.82|WISE            |09 47 34.344|-31 04 06.08|X                   |
|NuSTAR J104949-5951.7|10 49 49.459|-59 51 46.69|1.916e-14|    4.734e-15|       80.319|             19.843|3.822e-14|    9.855e-15|       69.225|             17.848|        |                      |           26|288.211646| -0.513279|  315.555|      235.236|  254.573|      185.348|  569.128|      419.990|      149.138|             26.458|   465405.0|   438244.0|   439128.0|  5.567e-04|        1.375e-04|  5.095e-04|        1.314e-04|  1.096e-03|        1.944e-04|5.476e-14|    9.714e-15|XMM                  |       10 49 49.901|        -59 51 50.00|                |            |            |X                   |
|NuSTAR J105008-5958.8|10 50 08.678|-59 58 53.17|3.151e-14|    5.773e-15|      164.660|             30.163|3.747e-14|    1.303e-14|       78.081|             27.158|   0.000|                      |           27|288.300791| -0.601024|  773.258|      608.598|  616.590|      538.510| 1383.849|     1142.942|      240.906|             40.293|   399625.0|   347340.0|   347955.0|  9.156e-04|        1.677e-04|  4.995e-04|        1.738e-04|  1.539e-03|        2.573e-04|7.690e-14|    1.286e-14|XMM                  |       10 50 08.201|        -59 59 02.00|USNO            |10 50 08.323|-59 59 02.58|X                   |
|NuSTAR J033342-3613.9|03 33 42.264|-36 13 58.45|4.827e-14|    6.192e-15|      270.085|             34.648|8.822e-14|    1.585e-14|      191.653|             34.427|   0.559|             1.393e+44|           11|238.113657|-54.573325|  976.834|      706.750|  949.757|      758.104| 1916.705|     1456.959|      459.746|             48.491|   310633.0|   262845.0|   263266.0|  1.402e-03|        1.799e-04|  1.176e-03|        2.113e-04|  2.817e-03|        2.971e-04|1.408e-13|    1.485e-14|CXO                  |       03 33 42.900|        -36 13 59.99|WISE            |03 33 42.877|-36 14 01.72|X                   |
|NuSTAR J104905-5953.2|10 49 05.311|-59 53 16.38|1.438e-14|   -9.900e+01|       58.021|            -99.000|5.536e-14|    1.516e-14|       83.709|             22.919|        |                      |           25|288.140527| -0.577206|  374.332|      345.168|  446.880|      363.171|  818.212|      704.490|      113.722|             30.933|   308623.0|   252070.0|   252384.0|  4.178e-04|       -9.900e+01|  7.380e-04|        2.020e-04|  1.001e-03|        2.724e-04|5.005e-14|    1.361e-14|XMM                  |       10 49 06.701|        -59 53 12.01|                |            |            |X                   |
|NuSTAR J182438-2447.8|18 24 38.959|-24 47 53.66|6.008e-14|    1.015e-14|      320.326|             54.122|1.111e-13|    2.094e-14|      257.003|             48.447|        |                      |           57|  7.872681| -5.568149| 2401.891|     2081.565| 1917.522|     1660.518| 4304.350|     3750.513|      553.836|             72.367|   295970.0|   279873.0|   290256.0|  1.746e-03|        2.949e-04|  1.481e-03|        2.792e-04|  3.078e-03|        4.021e-04|1.538e-13|    2.010e-14|CXO                  |       18 24 36.518|        -24 48 10.51|                |            |            |X                   |
|NuSTAR J081911+7046.6|08 19 11.605|+70 46 38.23|3.501e-14|    6.262e-15|      176.864|             31.637|8.347e-14|    1.625e-14|      168.037|             32.712|   0.720|             2.405e+44|           17|144.207914| 32.686251|  860.879|      684.015|  920.107|      752.070| 1775.019|     1421.219|      353.801|             45.189|   280459.0|   243573.0|   244003.0|  1.017e-03|        1.819e-04|  1.113e-03|        2.166e-04|  2.339e-03|        2.987e-04|1.169e-13|    1.493e-14|XMM                  |       08 19 10.001|        +70 46 41.02|WISE            |08 19 10.229|+70 46 41.30|X                   |
|NuSTAR J120259+4430.4|12 02 59.410|+44 30 27.92|3.847e-14|    9.524e-15|       88.628|             21.939|7.768e-14|    2.001e-14|       77.566|             19.984|   0.465|             7.955e+43|           30|148.995410| 70.088288|  356.577|      267.949|  295.502|      217.936|  650.079|      485.003|      165.076|             29.417|   255755.0|   241629.0|   242083.0|  1.118e-03|        2.767e-04|  1.036e-03|        2.668e-04|  2.200e-03|        3.920e-04|1.099e-13|    1.959e-14|XMM                  |       12 02 59.143|        +44 30 23.83|SDSS            |12 02 59.149|+44 30 24.62|T                   |
|NuSTAR J110445+3811.1|11 04 45.077|+38 11 09.78|2.093e-14|   -9.900e+01|       69.285|            -99.000|4.198e-14|   -9.900e+01|       55.095|            -99.000|   0.144|            -3.077e+42|           28|179.839328| 65.093863|  602.476|      568.256|  346.508|      318.932|  945.574|      882.361|      113.469|            -99.000|   253189.0|   218782.0|   219161.0|  6.081e-04|       -9.900e+01|  5.596e-04|       -9.900e+01|  1.151e-03|       -9.900e+01|5.750e-14|   -9.900e+01|XMM                  |       11 04 44.640|        +38 10 58.69|SDSS            |11 04 44.641|+38 10 58.91|T                   |
|NuSTAR J125711+2748.1|12 57 11.085|+27 48 11.48|1.227e-14|   -9.900e+01|       53.254|            -99.000|3.537e-14|   -9.900e+01|       67.470|            -99.000|   0.306|            -1.378e+43|           40| 61.161230| 88.557594|  710.051|      698.076|  576.666|      543.515| 1282.717|     1253.130|       82.094|            -99.000|   241004.0|   230799.0|   231254.0|  3.564e-04|       -9.900e+01|  4.715e-04|       -9.900e+01|  5.726e-04|       -9.900e+01|2.862e-14|   -9.900e+01|XMM                  |       12 57 11.412|        +27 48 14.44|SDSS            |12 57 11.414|+27 48 15.77|X                   |
|NuSTAR J125715+2746.6|12 57 15.142|+27 46 38.64|1.957e-14|   -9.900e+01|       83.122|            -99.000|5.651e-14|   -9.900e+01|      104.531|            -99.000|        |                      |           41| 59.979317| 88.555966|  784.174|      742.210|  661.586|      600.158| 1443.760|     1352.397|      154.482|            -99.000|   235820.0|   223795.0|   224234.0|  5.685e-04|       -9.900e+01|  7.534e-04|       -9.900e+01|  1.111e-03|       -9.900e+01|5.554e-14|   -9.900e+01|XMM                  |       12 57 15.199|        +27 46 32.02|WISE            |12 57 15.209|+27 46 42.67|X                   |
|NuSTAR J033313-3612.0|03 33 13.094|-36 12 00.07|4.909e-14|    7.060e-15|      203.390|             29.248|8.574e-14|    1.827e-14|      134.674|             28.700|        |                      |           10|238.066286|-54.673048|  718.893|      515.504|  682.508|      547.834| 1397.203|     1052.869|      344.334|             40.672|   229994.0|   190040.0|   190313.0|  1.426e-03|        2.051e-04|  1.143e-03|        2.436e-04|  2.918e-03|        3.447e-04|1.459e-13|    1.723e-14|                     |                   |                    |                |            |            |X                   |
|NuSTAR J043754-4716.0|04 37 54.080|-47 16 05.73|2.121e-14|    7.570e-15|       85.455|             30.497|6.983e-14|    2.063e-14|      104.926|             30.997|   0.337|             3.393e+43|           15|253.405600|-41.854598|  731.855|      646.400|  761.649|      656.722| 1489.504|     1288.030|      201.474|             43.148|   223646.0|   181790.0|   187035.0|  6.163e-04|        2.199e-04|  9.309e-04|        2.750e-04|  1.737e-03|        3.721e-04|8.684e-14|    1.860e-14|XMM                  |       04 37 54.158|        -47 15 51.55|USNO            |04 37 54.105|-47 15 50.51|E                   |
|NuSTAR J110727-5948.8|11 07 27.755|-59 48 50.91|5.558e-14|    8.344e-15|      195.703|             29.380|8.612e-14|    1.914e-14|      125.269|             27.836|        |                      |           29|290.200890|  0.462509|  701.250|      505.547|  618.689|      493.419| 1314.938|      993.185|      321.754|             40.167|   195468.0|   175989.0|   182754.0|  1.615e-03|        2.424e-04|  1.148e-03|        2.551e-04|  2.840e-03|        3.545e-04|1.419e-13|    1.772e-14|                     |                   |                    |                |            |            |E                   |
|NuSTAR J011053-4602.6|01 10 53.336|-46 02 40.01|1.613e-14|   -9.900e+01|       53.150|            -99.000|4.718e-14|   -9.900e+01|       64.315|            -99.000|   0.626|            -9.743e+43|            5|292.680190|-70.694683|  439.259|      415.839|  527.170|      495.444|  966.430|      910.215|      104.374|            -99.000|   182912.0|   164934.0|   165247.0|  4.687e-04|       -9.900e+01|  6.289e-04|       -9.900e+01|  1.019e-03|       -9.900e+01|5.092e-14|   -9.900e+01|XMM                  |       01 10 54.614|        -46 02 31.38|WISE            |01 10 54.514|-46 02 31.43|L                   |
|NuSTAR J121049+3928.5|12 10 49.468|+39 28 31.84|5.707e-14|    1.117e-14|      135.541|             26.519|5.654e-14|    2.362e-14|       54.342|             22.697|   0.023|             9.109e+40|           35|154.745306| 75.041055|  539.962|      404.421|  381.804|      327.461|  918.765|      729.655|      189.111|             34.635|   181638.0|   160202.0|   160503.0|  1.658e-03|        3.244e-04|  7.538e-04|        3.148e-04|  2.618e-03|        4.795e-04|1.309e-13|    2.397e-14|CXO                  |       12 10 49.603|        +39 28 21.76|SDSS            |12 10 49.604|+39 28 22.11|X                   |
|NuSTAR J121027+3929.1|12 10 27.126|+39 29 06.84|8.608e-13|    2.140e-14|     2715.706|             67.527|8.318e-13|    3.931e-14|     1037.354|             49.022|   0.615|             1.647e+45|           33|154.942690| 74.989554| 4048.321|     1332.614| 2027.173|      989.819| 6063.493|     2306.575|     3756.918|             83.111|   175146.0|   150884.0|   151145.0|  2.501e-02|        6.219e-04|  1.109e-02|        5.240e-04|  4.009e-02|        8.869e-04|2.004e-12|    4.433e-14|CXO                  |       12 10 26.602|        +39 29 08.23|SDSS            |12 10 26.587|+39 29 08.67|X                   |
|NuSTAR J022801+3115.9|02 28 01.196|+31 15 58.37|1.346e-14|   -9.900e+01|       41.270|            -99.000|6.671e-14|    2.706e-14|       81.347|             33.000|   1.857|            -5.114e+44|            6|146.086469|-27.226649|  655.083|      659.347|  834.433|      753.086| 1487.022|     1395.609|      156.137|            -99.000|   170205.0|   147527.0|   153088.0|  3.911e-04|       -9.900e+01|  8.894e-04|        3.608e-04|  1.645e-03|       -9.900e+01|8.222e-14|   -9.900e+01|XMM                  |       02 28 00.463|        +31 16 01.45|SDSS            |02 28 00.482|+31 16 01.17|E                   |
|NuSTAR J121038+3930.7|12 10 38.143|+39 30 44.91|3.817e-14|    1.100e-14|       75.765|             21.825|8.758e-14|    2.746e-14|       65.976|             20.684|   1.033|             5.988e+44|           34|154.770147| 74.989569|  403.489|      327.723|  361.392|      295.416|  764.881|      620.334|      144.546|             29.849|   151824.0|   125571.0|   125749.0|  1.109e-03|        3.195e-04|  1.168e-03|        3.660e-04|  2.554e-03|        5.275e-04|1.277e-13|    2.636e-14|CXO                  |       12 10 37.500|        +39 30 42.98|SDSS            |12 10 37.540|+39 30 44.14|X                   |
|NuSTAR J130324-6348.6|13 03 24.583|-63 48 41.64|4.281e-14|    1.242e-14|      116.733|             33.864|5.314e-14|   -9.900e+01|       60.193|            -99.000|        |                      |           44|304.252487| -0.970520|  897.386|      780.653|  601.934|      576.881| 1494.320|     1349.807|      144.513|             43.689|   151383.0|   137041.0|   138330.0|  1.244e-03|        3.608e-04|  7.084e-04|       -9.900e+01|  1.685e-03|        5.094e-04|8.422e-14|    2.546e-14|XMM                  |       13 03 23.899|        -63 48 06.98|                |            |            |X                   |
|NuSTAR J125744+2751.2|12 57 44.794|+27 51 14.12|1.074e-13|    1.362e-14|      292.601|             37.119|2.366e-13|    2.840e-14|      245.878|             29.515|   0.325|             1.058e+44|           42| 60.709221| 88.423954| 1177.891|      885.290|  752.111|      506.233| 1922.105|     1353.643|      568.462|             46.994|   151307.0|   125753.0|   125939.0|  3.119e-03|        3.957e-04|  3.154e-03|        3.786e-04|  7.280e-03|        6.019e-04|3.639e-13|    3.008e-14|XMM                  |       12 57 45.612|        +27 51 13.00|SDSS            |12 57 45.660|+27 51 13.74|X                   |
|NuSTAR J183454-0837.1|18 34 54.049|-08 37 07.03|7.579e-14|    1.406e-14|      188.130|             34.894|2.164e-13|    3.587e-14|      193.851|             32.128|        |                      |           59| 23.383840| -0.280398|  963.967|      775.837|  823.499|      629.648| 1785.466|     1396.378|      389.088|             47.150|   137794.0|   108372.0|   110515.0|  2.202e-03|        4.084e-04|  2.885e-03|        4.782e-04|  5.679e-03|        6.881e-04|2.838e-13|    3.439e-14|XMM                  |       18 34 52.831|        -08 37 10.13|                |            |            |E                   |
|NuSTAR J174614-3219.7|17 46 14.240|-32 19 45.76|7.083e-13|    2.952e-14|     1659.646|             69.167|6.386e-13|    5.339e-14|      561.656|             46.956|   0.000|                      |           54|357.170666| -1.878621| 3936.621|     2276.975| 1752.449|     1190.793| 5681.360|     3446.666|     2234.695|             83.276|   130078.0|   106405.0|   109514.0|  2.058e-02|        8.576e-04|  8.514e-03|        7.118e-04|  3.291e-02|        1.226e-03|1.645e-12|    6.130e-14|CXO                  |       17 46 14.191|        -32 19 49.01|                |            |            |X                   |
|NuSTAR J125021+2635.9|12 50 21.930|+26 35 57.35|1.056e-13|    1.415e-14|      224.804|             30.107|1.764e-13|    3.015e-14|      144.584|             24.721|   0.751|             5.621e+44|           38|278.541700| 89.419457|  755.495|      530.692|  504.808|      360.224| 1258.303|      886.460|      371.843|             38.702|   118141.0|    99185.0|   102712.0|  3.069e-03|        4.110e-04|  2.351e-03|        4.020e-04|  5.839e-03|        6.077e-04|2.918e-13|    3.037e-14|XMM                  |       12 50 22.224|        +26 35 58.16|SDSS            |12 50 22.266|+26 35 57.96|X                   |
|NuSTAR J170016+7840.7|17 00 16.422|+78 40 43.66|1.658e-13|    1.372e-14|      335.954|             27.795|1.673e-13|    2.615e-14|      142.797|             22.326|   0.778|             5.800e+44|           52|111.127019| 31.908943|  691.326|      355.372|  432.248|      289.451| 1119.574|      646.743|      472.831|             35.402|   112489.0|   103296.0|   103502.0|  4.817e-03|        3.985e-04|  2.230e-03|        3.486e-04|  7.368e-03|        5.517e-04|3.683e-13|    2.757e-14|XMM                  |       17 00 16.399|        +78 40 41.02|SDSS            |17 00 16.365|+78 40 40.82|X                   |
|NuSTAR J134447+5554.0|13 44 47.668|+55 54 02.91|4.601e-14|    1.374e-14|       46.529|             13.899|6.800e-14|    2.814e-14|       31.156|             12.893|   0.458|             6.722e+43|           46|108.093674| 59.663772|  158.267|      111.738|  133.982|      102.826|  290.249|      214.106|       76.143|             18.692|   112283.0|   110863.0|   111054.0|  1.337e-03|        3.993e-04|  9.066e-04|        3.752e-04|  2.212e-03|        5.429e-04|1.105e-13|    2.714e-14|XMM                  |       13 44 47.501|        +55 54 11.99|USNO            |13 44 47.445|+55 54 11.53|T                   |
|NuSTAR J011018-4612.1|01 10 18.489|-46 12 06.24|4.940e-14|    1.084e-14|       85.181|             18.694|8.182e-14|   -9.900e+01|       52.247|            -99.000|        |                      |            4|293.082154|-70.563946|  293.955|      208.774|  259.937|      232.915|  552.141|      437.460|      114.680|             25.572|    95726.9|    77257.0|    77328.1|  1.435e-03|        3.150e-04|  1.091e-03|       -9.900e+01|  2.392e-03|        5.334e-04|1.196e-13|    2.666e-14|XMM                  |       01 10 18.384|        -46 12 03.92|WISE            |01 10 18.381|-46 12 04.05|E                   |
|NuSTAR J001836+8136.5|00 18 36.215|+81 36 35.79|3.696e-14|   -9.900e+01|       61.564|            -99.000|3.685e-14|   -9.900e+01|       25.585|            -99.000|        |                      |            2|121.670773| 18.818707|  253.348|      218.321|  204.678|      203.500|  456.026|      419.344|       69.772|            -99.000|    92460.7|    84007.8|    87141.8|  1.074e-03|       -9.900e+01|  4.912e-04|       -9.900e+01|  1.291e-03|       -9.900e+01|6.454e-14|   -9.900e+01|XMM                  |       00 18 40.373|        +81 36 42.62|                |            |            |E                   |
|NuSTAR J045347+0408.6|04 53 47.994|+04 08 41.45|6.560e-14|    1.242e-14|      106.944|             20.246|1.269e-13|    3.386e-14|       75.350|             20.111|        |                      |           16|194.613780|-23.761252|  354.164|      247.220|  346.102|      270.752|  696.266|      512.048|      184.218|             28.229|    90494.4|    71847.3|    73512.1|  1.906e-03|        3.608e-04|  1.692e-03|        4.515e-04|  4.042e-03|        6.194e-04|2.020e-13|    3.096e-14|XMM                  |       04 53 48.280|        +04 08 30.00|WISE            |04 53 48.217|+04 08 32.50|X                   |
|NuSTAR J104426-6022.1|10 44 26.456|-60 22 07.21|3.937e-14|   -9.900e+01|       61.352|            -99.000|4.463e-14|   -9.900e+01|       28.517|            -99.000|        |                      |           24|287.848344| -1.270507|  302.226|      269.086|  237.639|      235.064|  539.865|      504.612|       69.643|            -99.000|    86508.3|    77312.5|    80314.7|  1.144e-03|       -9.900e+01|  5.949e-04|       -9.900e+01|  1.399e-03|       -9.900e+01|6.990e-14|   -9.900e+01|                     |                   |                    |                |            |            |L                   |
|NuSTAR J223654+3423.4|22 36 54.300|+34 23 28.55|2.472e-14|    1.079e-14|       26.723|             11.661|7.572e-14|   -9.900e+01|       34.931|            -99.000|   0.148|            -5.889e+42|           63| 93.677628|-20.727143|  109.516|       82.793|  123.869|      106.297|  233.385|      189.221|       44.163|             16.862|    82694.4|    76893.3|    79675.5|  7.181e-04|        3.134e-04|  1.010e-03|       -9.900e+01|  1.232e-03|        4.703e-04|6.156e-14|    2.350e-14|XMM                  |       22 36 53.750|        +34 23 32.16|SDSS            |22 36 53.849|+34 23 33.18|X                   |
|NuSTAR J101637-3336.9|10 16 37.326|-33 36 58.72|2.292e-14|    9.949e-15|       33.772|             14.660|8.529e-14|    2.746e-14|       49.352|             15.887|        |                      |           23|269.509801| 19.022421|  177.460|      143.688|  211.339|      161.987|  388.799|      302.067|       86.732|             21.385|    81797.8|    70005.1|    71651.3|  6.659e-04|        2.891e-04|  1.137e-03|        3.660e-04|  1.952e-03|        4.814e-04|9.758e-14|    2.406e-14|CXO                  |       10 16 37.240|        -33 37 06.40|                |            |            |E                   |
|NuSTAR J031602-0221.0|03 16 02.983|-02 21 01.86|3.274e-14|   -9.900e+01|       45.811|            -99.000|6.190e-14|   -9.900e+01|       35.997|            -99.000|   0.821|            -2.441e+44|            9|183.588372|-47.452162|  153.728|      128.521|  166.654|      149.350|  320.382|      278.045|       72.406|            -99.000|    77672.5|    70357.5|    73202.0|  9.513e-04|       -9.900e+01|  8.252e-04|       -9.900e+01|  1.595e-03|       -9.900e+01|7.974e-14|   -9.900e+01|XMM                  |       03 16 02.473|        -02 20 57.80|WISE            |03 16 02.547|-02 20 57.64|L                   |
|NuSTAR J001639+8139.8|00 16 39.878|+81 39 50.17|2.832e-14|   -9.900e+01|       37.483|            -99.000|8.416e-14|   -9.900e+01|       41.703|            -99.000|   0.000|                      |            1|121.604875| 18.881926|  211.768|      195.241|  184.528|      163.532|  396.296|      353.077|       76.089|            -99.000|    73480.7|    59951.8|    61713.0|  8.228e-04|       -9.900e+01|  1.122e-03|       -9.900e+01|  1.989e-03|       -9.900e+01|9.939e-14|   -9.900e+01|XMM                  |       00 16 52.034|        +81 39 48.06|USNO            |00 16 52.524|+81 39 49.09|E                   |
|NuSTAR J033406-3603.9|03 34 06.351|-36 03 58.20|6.204e-14|    1.361e-14|       57.315|             12.570|1.262e-13|    3.480e-14|       43.547|             12.004|   0.910|             6.371e+44|           12|237.819360|-54.501106|  135.466|       78.151|  122.150|       78.604|  256.616|      156.071|      100.545|             17.136|    70660.5|    57497.3|    57565.5|  1.803e-03|        3.953e-04|  1.683e-03|        4.640e-04|  3.881e-03|        6.615e-04|1.940e-13|    3.306e-14|CXO                  |       03 34 07.399|        -36 04 01.99|WISE            |03 34 07.476|-36 04 01.29|X                   |
|NuSTAR J141356-6521.9|14 13 56.885|-65 21 57.65|3.842e-14|    1.453e-14|       46.826|             17.709|1.106e-13|   -9.900e+01|       49.947|            -99.000|        |                      |           47|311.395218| -3.859027|  236.666|      189.840|  250.992|      225.417|  484.658|      413.257|       71.401|             25.251|    67666.6|    54641.7|    54699.2|  1.116e-03|        4.221e-04|  1.474e-03|       -9.900e+01|  2.105e-03|        7.446e-04|1.052e-13|    3.721e-14|CXO                  |       14 13 56.681|        -65 22 07.00|                |            |            |E                   |
|NuSTAR J223652+3420.8|22 36 52.332|+34 20 49.29|3.696e-14|   -9.900e+01|       44.410|            -99.000|1.104e-13|    3.813e-14|       52.282|             18.051|        |                      |           62| 93.646539|-20.761169|  194.781|      171.978|  255.613|      203.331|  450.394|      372.973|       77.420|             23.872|    66710.7|    57282.9|    59273.8|  1.074e-03|       -9.900e+01|  1.472e-03|        5.083e-04|  2.107e-03|        6.496e-04|1.053e-13|    3.247e-14|                     |                   |                    |                |            |            |L                   |
|NuSTAR J125605+5643.8|12 56 05.688|+56 43 52.87|7.048e-14|    1.298e-14|       84.331|             15.536|1.702e-13|    3.635e-14|       76.499|             16.341|   0.984|             1.036e+45|           39|121.639518| 60.385210|  202.447|      118.116|  222.654|      146.155|  425.101|      260.595|      164.506|             22.303|    66418.7|    54384.8|    54454.2|  2.048e-03|        3.773e-04|  2.269e-03|        4.846e-04|  4.873e-03|        6.606e-04|2.435e-13|    3.302e-14|CXO                  |       12 56 05.287|        +56 43 56.35|SDSS            |12 56 05.422|+56 43 56.34|E                   |
|NuSTAR J034403-4441.0|03 44 03.528|-44 41 04.23|4.569e-14|    1.677e-14|       37.036|             13.591|1.288e-13|    4.461e-14|       40.438|             14.008|   0.275|             3.939e+43|           13|251.613020|-51.467829|  123.201|       86.165|  131.905|       91.467|  255.107|      176.237|       78.869|             19.244|    61998.6|    52347.1|    54212.6|  1.327e-03|        4.872e-04|  1.717e-03|        5.947e-04|  3.233e-03|        7.888e-04|1.616e-13|    3.943e-14|CXO                  |       03 44 03.624|        -44 41 04.75|USNO            |03 44 03.511|-44 41 05.01|E                   |
|NuSTAR J101600-3329.6|10 16 00.870|-33 29 37.67|1.091e-13|    1.949e-14|       75.645|             13.520|1.207e-13|    4.485e-14|       30.857|             11.469|   0.231|             2.496e+43|           22|269.325228| 19.046724|  150.719|       75.073|  102.543|       71.686|  252.261|      145.853|      106.408|             17.479|    53042.9|    42627.6|    43765.2|  3.169e-03|        5.664e-04|  1.609e-03|        5.979e-04|  5.403e-03|        8.875e-04|2.700e-13|    4.436e-14|CXO                  |       10 16 01.220|        -33 29 35.50|MAN             |10 16 01.202|-33 29 34.65|T                   |
|NuSTAR J123559-3951.9|12 35 59.041|-39 51 57.96|2.212e-13|    2.165e-14|      210.827|             20.640|1.490e-13|   -9.900e+01|       52.927|            -99.000|   0.000|                      |           37|299.713346| 22.909053|  376.305|      165.477|  180.638|      150.480|  555.942|      309.261|      246.682|             25.170|    52915.6|    42967.2|    44203.5|  6.426e-03|        6.291e-04|  1.987e-03|       -9.900e+01|  9.001e-03|        9.184e-04|4.499e-13|    4.590e-14|CXO                  |       12 36 00.506|        -39 52 15.67|                |            |            |E                   |
|NuSTAR J181417+3411.6|18 14 17.515|+34 11 40.24|3.158e-14|    1.243e-14|       29.705|             11.691|7.630e-14|    2.913e-14|       32.076|             12.246|   0.714|             2.155e+44|           56| 61.220233| 22.027814|  106.854|       77.150|  117.447|       85.371|  222.301|      162.024|       60.277|             16.656|    52224.1|    50862.4|    51445.6|  9.174e-04|        3.611e-04|  1.017e-03|        3.883e-04|  1.890e-03|        5.222e-04|9.445e-14|    2.610e-14|XMM                  |       18 14 18.245|        +34 11 42.54|WISE            |18 14 18.161|+34 11 42.48|L                   |
|NuSTAR J155520-3315.1|15 55 20.005|-33 15 11.81|8.183e-14|    1.499e-14|       74.631|             13.672|9.391e-14|    3.216e-14|       37.947|             12.993|   0.551|             1.433e+44|           49|341.538972| 15.498528|  160.369|       85.738|  140.189|      102.241|  299.558|      189.664|      109.894|             18.638|    50630.1|    48888.5|    48981.8|  2.378e-03|        4.356e-04|  1.252e-03|        4.287e-04|  3.619e-03|        6.137e-04|1.809e-13|    3.067e-14|                     |                   |                    |MAN             |15 55 19.450|-33 15 06.60|T                   |
|NuSTAR J165104-0127.2|16 51 04.432|-01 27 15.15|2.337e-13|    3.089e-14|       82.320|             10.881|5.966e-13|    7.509e-14|       92.534|             11.647|   0.852|             2.571e+45|           51| 16.741706| 25.753620|  105.367|       23.048|  121.268|       28.733|  226.635|       51.891|      174.744|             15.728|    39105.6|    37531.6|    38817.8|  6.791e-03|        8.976e-04|  7.953e-03|        1.001e-03|  1.452e-02|        1.307e-03|7.258e-13|    6.533e-14|XMM                  |       16 51 04.728|        -01 27 16.47|MAN             |16 51 04.577|-01 27 15.91|T                   |
|NuSTAR J034901-1155.9|03 49 01.386|-11 55 56.77|6.488e-14|    2.286e-14|       42.864|             15.103|1.640e-13|   -9.900e+01|       40.289|            -99.000|        |                      |           14|201.794621|-45.762161|  173.781|      130.917|  179.862|      159.766|  353.463|      286.116|       67.347|             21.420|    36674.6|    29718.2|    30547.2|  1.885e-03|        6.642e-04|  2.187e-03|       -9.900e+01|  3.556e-03|        1.131e-03|1.777e-13|    5.653e-14|                     |                   |                    |                |            |            |E                   |
|NuSTAR J175307-0123.7|17 53 07.297|-01 23 42.83|7.176e-14|   -9.900e+01|       47.048|            -99.000|1.846e-13|    5.703e-14|       45.936|             14.190|   0.451|             1.760e+44|           55| 24.906403| 12.289718|  149.358|      122.949|  158.206|      112.270|  305.564|      232.868|       72.695|             19.623|    36394.3|    30105.3|    31073.3|  2.085e-03|       -9.900e+01|  2.461e-03|        7.602e-04|  3.773e-03|        1.019e-03|1.886e-13|    5.091e-14|XMM                  |       17 53 07.178|        -01 23 37.10|                |            |            |L                   |
|NuSTAR J090223-4039.4|09 02 23.992|-40 39 25.47|5.560e-13|    4.504e-14|      351.819|             28.501|7.675e-13|    9.767e-14|      185.647|             23.627|   0.087|             1.920e+43|           18|263.171209|  3.902887|  722.397|      370.578|  486.090|      300.443| 1206.487|      659.865|      546.622|             36.741|    35126.2|    29266.5|    29309.6|  1.615e-02|        1.309e-03|  1.023e-02|        1.302e-03|  3.008e-02|        2.022e-03|1.503e-12|    1.011e-13|XMM                  |       09 02 24.149|        -40 39 29.20|USNO            |09 02 24.069|-40 39 28.81|X                   |
|NuSTAR J120930-0500.1|12 09 30.166|-05 00 09.22|3.208e-14|   -9.900e+01|       20.131|            -99.000|5.670e-14|   -9.900e+01|       13.982|            -99.000|   0.391|            -3.879e+43|           32|283.859333| 56.308409|   65.574|       57.922|   76.824|       80.265|  141.398|      138.281|       22.906|            -99.000|    34833.5|    29833.0|    30972.9|  9.321e-04|       -9.900e+01|  7.559e-04|       -9.900e+01|  1.193e-03|       -9.900e+01|5.962e-14|   -9.900e+01|CXO                  |       12 09 30.166|        -05 00 09.22|                |            |            |L                   |
|NuSTAR J001844-1022.6|00 18 44.268|-10 22 40.90|2.930e-14|   -9.900e+01|       17.232|            -99.000|1.335e-13|   -9.900e+01|       33.538|            -99.000|   0.076|            -2.516e+42|            3| 96.682818|-71.563436|   62.209|       57.793|   71.056|       52.141|  132.265|      109.833|       41.531|            -99.000|    32648.8|    30384.1|    31564.0|  8.513e-04|       -9.900e+01|  1.780e-03|       -9.900e+01|  2.122e-03|       -9.900e+01|1.061e-13|   -9.900e+01|CXO                  |       00 18 44.795|        -10 22 40.69|SDSS            |00 18 44.800|-10 22 40.74|T                   |
|NuSTAR J165050-0126.6|16 50 50.726|-01 26 38.75|6.325e-14|    2.124e-14|       34.218|             11.490|1.307e-13|    5.561e-14|       28.275|             12.031|   0.791|             4.715e+44|           50| 16.718414| 25.807672|  102.453|       68.235|  111.100|       82.825|  213.552|      149.428|       64.125|             16.400|    30035.0|    26173.3|    27161.2|  1.838e-03|        6.170e-04|  1.742e-03|        7.414e-04|  3.808e-03|        9.739e-04|1.903e-13|    4.867e-14|XMM                  |       16 50 51.216|        -01 26 45.32|USNO            |16 50 51.083|-01 26 44.18|E                   |
|NuSTAR J224037+0802.6|22 40 37.334|+08 02 39.77|5.078e-14|   -9.900e+01|       26.905|            -99.000|1.705e-13|   -9.900e+01|       36.122|            -99.000|   1.418|            -1.020e+45|           64| 76.250454|-42.665888|   82.279|       69.240|   86.622|       66.505|  166.902|      135.497|       31.404|             14.603|    29413.2|    25631.6|    26602.9|  1.475e-03|       -9.900e+01|  2.273e-03|       -9.900e+01|  1.904e-03|        8.853e-04|9.516e-14|    4.425e-14|XMM                  |       22 40 37.826|        +08 02 32.06|SDSS            |22 40 37.725|+08 02 33.09|L                   |
|NuSTAR J130616-4930.8|13 06 16.404|-49 30 53.60|5.361e-14|    2.030e-14|       27.969|             10.592|1.764e-13|   -9.900e+01|       33.960|            -99.000|   0.284|            -5.804e+43|           45|305.405161| 13.285603|   94.509|       66.541|  100.177|       82.578|  193.686|      147.735|       45.951|             14.978|    28961.4|    23291.3|    23313.7|  1.558e-03|        5.899e-04|  2.352e-03|       -9.900e+01|  3.179e-03|        1.036e-03|1.589e-13|    5.179e-14|XMM                  |       13 06 16.404|        -49 30 53.60|USNO            |13 06 16.292|-49 30 54.71|E                   |
|NuSTAR J130157-6358.1|13 01 57.457|-63 58 11.79|1.553e-11|    1.983e-13|     6632.269|             84.684|2.713e-11|    4.323e-13|     4305.852|             68.607|   0.000|                      |           43|304.085934| -1.121767| 7048.142|      415.873| 4609.865|      304.013|11616.991|      717.020|    10899.971|            108.592|    23710.4|    19201.1|    19255.1|  4.512e-01|        5.761e-03|  3.617e-01|        5.763e-03|  9.130e-01|        9.096e-03|4.563e-11|    4.546e-13|XMM                  |       13 01 58.800|        -63 58 09.01|                |            |            |X                   |
|NuSTAR J023448-2936.6|02 34 48.289|-29 36 36.25|6.383e-14|    2.232e-14|       25.300|              8.845|1.177e-13|   -9.900e+01|       17.293|            -99.000|   0.313|            -4.829e+43|            7|225.277801|-67.173965|   59.141|       33.841|   57.263|       52.119|  116.403|       84.521|       31.882|             12.393|    22002.2|    17777.8|    18280.9|  1.855e-03|        6.484e-04|  1.569e-03|       -9.900e+01|  2.813e-03|        1.093e-03|1.406e-13|    5.465e-14|XMM                  |       02 34 48.720|        -29 36 25.45|USNO            |02 34 48.858|-29 36 24.70|E                   |
|NuSTAR J203348+2139.8|20 33 48.893|+21 39 48.60|5.212e-14|   -9.900e+01|       20.446|            -99.000|2.452e-13|   -9.900e+01|       35.233|            -99.000|        |                      |           61| 64.331362|-10.893609|   66.818|       58.861|   78.121|       58.166|  144.939|      115.895|       49.569|            -99.000|    21778.8|    17381.0|    17825.6|  1.514e-03|       -9.900e+01|  3.269e-03|       -9.900e+01|  4.485e-03|       -9.900e+01|2.242e-13|   -9.900e+01|                     |                   |                    |                |            |            |E                   |
|NuSTAR J121854+2958.0|12 18 54.181|+29 58 04.62|7.136e-14|    3.186e-14|       25.666|             11.460|2.766e-13|   -9.900e+01|       37.048|            -99.000|   0.175|            -3.099e+43|           36|189.344979| 82.314127|  105.272|       79.606|  110.261|       90.536|  214.533|      169.689|       44.844|             16.191|    19964.9|    16201.9|    16236.6|  2.073e-03|        9.258e-04|  3.688e-03|       -9.900e+01|  4.455e-03|        1.608e-03|2.226e-13|    8.038e-14|XMM                  |       12 18 54.672|        +29 58 06.96|SDSS            |12 18 54.685|+29 58 06.73|E                   |
|NuSTAR J091856+1618.7|09 18 56.115|+16 18 43.17|5.339e-14|   -9.900e+01|       16.754|            -99.000|1.752e-13|   -9.900e+01|       19.913|            -99.000|        |                      |           19|213.874801| 39.838198|   41.780|       35.126|   49.168|       39.881|   90.948|       74.685|       31.741|            -99.000|    17420.1|    13747.7|    13995.8|  1.551e-03|       -9.900e+01|  2.336e-03|       -9.900e+01|  3.658e-03|       -9.900e+01|1.828e-13|   -9.900e+01|                     |                   |                    |                |            |            |E                   |
|NuSTAR J023459-2944.6|02 34 59.667|-29 44 36.91|5.308e-14|   -9.900e+01|       16.004|            -99.000|2.576e-13|   -9.900e+01|       28.007|            -99.000|   0.446|            -2.393e+44|            8|225.621591|-67.132662|   36.044|       29.467|   49.924|       34.361|   85.968|       63.449|       22.519|             10.714|    16737.1|    13153.3|    13421.3|  1.542e-03|       -9.900e+01|  3.434e-03|       -9.900e+01|  2.706e-03|        1.288e-03|1.353e-13|    6.435e-14|XMM                  |       02 34 59.935|        -29 44 34.55|USNO            |02 34 59.987|-29 44 34.54|E                   |
|NuSTAR J120711+3348.4|12 07 11.287|+33 48 28.27|9.932e-14|    3.261e-14|       27.789|              9.124|2.194e-13|   -9.900e+01|       22.392|            -99.000|   0.135|            -1.399e+43|           31|175.202038| 78.370395|   64.079|       36.290|   52.318|       41.432|  116.398|       76.997|       39.401|             12.224|    15532.0|    12349.9|    12679.7|  2.886e-03|        9.475e-04|  2.924e-03|       -9.900e+01|  5.012e-03|        1.555e-03|2.505e-13|    7.772e-14|XRT                  |       12 07 11.093|        +33 48 44.71|SDSS            |12 07 11.245|+33 48 41.71|E                   |
|NuSTAR J143256-4419.3|14 32 56.233|-44 19 22.07|4.922e-13|    5.784e-14|      127.463|             14.979|2.615e-13|   -9.900e+01|       24.947|            -99.000|   0.119|            -1.272e+43|           48|321.426250| 14.873585|  200.136|       72.672|   58.838|       46.364|  258.974|      117.461|      141.513|             17.052|    14375.3|    11542.1|    11654.4|  1.430e-02|        1.681e-03|  3.486e-03|       -9.900e+01|  1.958e-02|        2.360e-03|9.788e-13|    1.179e-13|XMM                  |       14 32 52.901|        -44 19 18.01|USNO            |14 32 52.937|-44 19 17.86|X                   |
